1 448.270000 581.360000 0.310000
2 814.190000 903.170000 0.240000
3 109.970000 549.560000 0.240000
4 423.760000 192.160000 0.350000
5 444.130000 189.190000 0.330000
6 609.190000 857.140000 0.240000
7 728.910000 158.590000 0.340000
8 266.990000 609.140000 0.190000
9 414.300000 977.610000 0.170000
10 220.700000 789.820000 0.150000
11 17.800000 169.030000 0.160000
12 932.330000 101.390000 0.090000
13 962.160000 413.100000 0.170000
14 114.980000 152.240000 0.150000
15 433.770000 963.820000 0.070000
16 182.790000 835.790000 0.350000
17 160.320000 825.870000 0.210000
18 948.340000 117.800000 0.230000
19 436.730000 412.620000 0.190000
20 463.270000 496.070000 0.210000
